189
189
189
189
189
209
209
209
211
211
211
214
214
214
214
214
238
238
238
238
238
242
242
242
242
242
246
246
246
249
249
249
255
255
255
261
261
261
261
261
263
263
263
264
264
264
264
264
265
268
268
268
268
268
268
268
268
268
268
270
270
270
270
270
273
273
273
278
278
278
278
278
280
280
280
280
280
281
282
282
282
289
289
289
289
289
289
292
292
292
293
293
293
294
294
294
302
302
302
302
302
303
303
303
312
315
315
315
322
322
322
322
322
324
324
324
326
327
327
327
331
331
331
335
335
335
339
339
339
342
342
342
342
342
345
345
345
352
352
352
353
353
353
355
355
355
357
361
361
361
361
361
362
362
362
371
371
371
375
375
375
376
376
376
380
380
380
383
383
383
385
385
385
386
386
386
387
387
387
391
391
391
392
392
392
394
394
394
395
395
395
396
396
396
397
397
397
398
398
398
399
399
399
400
400
400
401
401
401
404
404
404
405
405
405
414
414
414
415
415
415
416
416
416
416
416
417
417
417
418
418
418
420
420
420
425
425
425
426
426
426
427
427
427
430
430
430
432
432
432
433
433
433
434
434
434
439
439
439
440
440
440
441
441
441
442
442
442
442
442
444
444
444
445
445
445
447
447
447
448
448
448
448
448
452
452
452
453
453
453
455
455
455
456
456
456
456
456
457
457
457
458
458
458
459
459
459
460
460
460
463
463
463
466
466
466
467
467
467
468
468
468
